1     14     25     
2     12     31     
3     5     35     
4     11     33     
5     8     21     
6     9     35     
7     12     25     
8     13     34     
9     8     32     
10     13     28     
11     6     32     
12     13     29     
13     6     28     
14     8     35     
15     5     25     
16     6     28     
17     8     34     
18     8     21     
19     3     31     
20     15     22     
21     5     35     
22     6     33     
23     12     27     
24     15     27     
25     12     34     
26     14     23     
27     14     22     
28     5     21     
29     7     29     
30     14     22     